0.021277 0.085106 0.085106 0.085106 0.063830 0.063830 0.000000 0.063830 0.106383 0.063830 0.042553 0.021277 0.042553 0.085106 0.106383 0.063830 
0.113636 0.113636 0.113636 0.159091 0.000000 0.068182 0.000000 0.000000 0.000000 0.090909 0.000000 0.022727 0.000000 0.068182 0.136364 0.113636 
0.121951 0.121951 0.121951 0.121951 0.097561 0.000000 0.000000 0.097561 0.073171 0.000000 0.000000 0.073171 0.073171 0.000000 0.000000 0.097561 
0.000000 0.113636 0.113636 0.159091 0.000000 0.068182 0.000000 0.000000 0.000000 0.068182 0.000000 0.000000 0.113636 0.136364 0.113636 0.113636 
0.111111 0.111111 0.092593 0.129630 0.055556 0.055556 0.000000 0.092593 0.092593 0.055556 0.000000 0.074074 0.037037 0.074074 0.000000 0.018519 
0.000000 0.083333 0.000000 0.000000 0.000000 0.194444 0.138889 0.138889 0.194444 0.083333 0.000000 0.000000 0.083333 0.083333 0.000000 0.000000 
0.103448 0.103448 0.103448 0.034483 0.051724 0.000000 0.051724 0.000000 0.068966 0.000000 0.068966 0.017241 0.103448 0.086207 0.103448 0.103448 
0.116279 0.162791 0.116279 0.116279 0.000000 0.093023 0.000000 0.000000 0.000000 0.093023 0.000000 0.000000 0.000000 0.069767 0.116279 0.116279 
0.085714 0.000000 0.000000 0.114286 0.200000 0.114286 0.114286 0.171429 0.000000 0.000000 0.000000 0.114286 0.000000 0.000000 0.000000 0.085714 
0.034483 0.000000 0.000000 0.000000 0.103448 0.000000 0.000000 0.000000 0.137931 0.000000 0.000000 0.172414 0.137931 0.172414 0.172414 0.068966 
0.107143 0.107143 0.142857 0.125000 0.000000 0.017857 0.125000 0.000000 0.000000 0.125000 0.071429 0.053571 0.000000 0.035714 0.000000 0.089286 
0.080000 0.000000 0.000000 0.000000 0.320000 0.200000 0.200000 0.200000 0.000000 0.000000 0.000000 0.000000 0.000000 0.000000 0.000000 0.000000 
0.136364 0.090909 0.090909 0.113636 0.090909 0.000000 0.000000 0.022727 0.113636 0.090909 0.090909 0.068182 0.090909 0.000000 0.000000 0.000000 
0.153846 0.102564 0.102564 0.051282 0.102564 0.000000 0.000000 0.025641 0.102564 0.000000 0.000000 0.000000 0.102564 0.102564 0.102564 0.051282 
0.096154 0.096154 0.096154 0.096154 0.076923 0.000000 0.000000 0.076923 0.057692 0.000000 0.000000 0.076923 0.115385 0.096154 0.096154 0.019231 
0.100000 0.100000 0.140000 0.100000 0.060000 0.000000 0.060000 0.000000 0.080000 0.000000 0.080000 0.000000 0.080000 0.120000 0.080000 0.000000 
0.172414 0.206897 0.137931 0.172414 0.103448 0.000000 0.000000 0.034483 0.137931 0.000000 0.000000 0.000000 0.034483 0.000000 0.000000 0.000000 
0.111111 0.066667 0.000000 0.177778 0.066667 0.088889 0.000000 0.066667 0.088889 0.088889 0.022222 0.088889 0.022222 0.000000 0.088889 0.022222 
0.085714 0.000000 0.000000 0.000000 0.200000 0.142857 0.142857 0.171429 0.085714 0.000000 0.000000 0.085714 0.028571 0.000000 0.000000 0.057143 
0.100000 0.100000 0.125000 0.100000 0.000000 0.000000 0.000000 0.075000 0.000000 0.000000 0.000000 0.100000 0.100000 0.100000 0.100000 0.100000 
0.065574 0.081967 0.065574 0.114754 0.000000 0.065574 0.098361 0.032787 0.000000 0.065574 0.081967 0.049180 0.081967 0.081967 0.065574 0.049180 
0.106383 0.021277 0.021277 0.085106 0.000000 0.106383 0.106383 0.000000 0.000000 0.127660 0.127660 0.000000 0.127660 0.021277 0.021277 0.127660 
0.127660 0.106383 0.000000 0.000000 0.000000 0.042553 0.170213 0.148936 0.042553 0.148936 0.106383 0.000000 0.106383 0.000000 0.000000 0.000000 
0.066667 0.000000 0.022222 0.155556 0.066667 0.022222 0.133333 0.088889 0.088889 0.133333 0.000000 0.066667 0.088889 0.000000 0.000000 0.066667 
0.000000 0.068966 0.120690 0.086207 0.137931 0.034483 0.068966 0.000000 0.068966 0.120690 0.103448 0.000000 0.000000 0.000000 0.051724 0.137931 
0.104478 0.104478 0.074627 0.104478 0.044776 0.044776 0.000000 0.044776 0.044776 0.059701 0.000000 0.044776 0.089552 0.074627 0.089552 0.074627 
0.136364 0.113636 0.136364 0.068182 0.090909 0.000000 0.000000 0.090909 0.068182 0.000000 0.000000 0.068182 0.113636 0.000000 0.000000 0.113636 
0.134615 0.096154 0.096154 0.096154 0.057692 0.000000 0.000000 0.057692 0.076923 0.000000 0.000000 0.076923 0.115385 0.019231 0.115385 0.057692 
0.115385 0.134615 0.096154 0.115385 0.057692 0.057692 0.000000 0.057692 0.057692 0.057692 0.000000 0.057692 0.076923 0.057692 0.000000 0.057692 
0.146341 0.170732 0.121951 0.097561 0.073171 0.073171 0.000000 0.000000 0.073171 0.073171 0.000000 0.000000 0.097561 0.073171 0.000000 0.000000 
0.120000 0.120000 0.100000 0.060000 0.080000 0.000000 0.000000 0.080000 0.060000 0.040000 0.000000 0.060000 0.100000 0.060000 0.020000 0.100000 
0.104167 0.145833 0.104167 0.083333 0.000000 0.062500 0.000000 0.000000 0.000000 0.062500 0.000000 0.000000 0.104167 0.145833 0.104167 0.083333 
0.073171 0.000000 0.000000 0.073171 0.073171 0.000000 0.000000 0.073171 0.170732 0.121951 0.121951 0.146341 0.073171 0.000000 0.000000 0.073171 
0.000000 0.000000 0.041667 0.208333 0.083333 0.000000 0.000000 0.083333 0.083333 0.000000 0.000000 0.083333 0.125000 0.000000 0.083333 0.208333 
0.084746 0.101695 0.135593 0.067797 0.000000 0.135593 0.101695 0.000000 0.135593 0.016949 0.050847 0.084746 0.000000 0.000000 0.000000 0.084746 
0.166667 0.166667 0.166667 0.200000 0.000000 0.000000 0.000000 0.100000 0.000000 0.000000 0.000000 0.100000 0.000000 0.000000 0.000000 0.100000 
0.116279 0.116279 0.116279 0.093023 0.069767 0.162791 0.023256 0.000000 0.000000 0.139535 0.046512 0.000000 0.093023 0.023256 0.000000 0.000000 
0.114754 0.081967 0.081967 0.065574 0.032787 0.114754 0.000000 0.000000 0.000000 0.016393 0.114754 0.032787 0.081967 0.081967 0.081967 0.098361 
0.133333 0.083333 0.100000 0.083333 0.066667 0.000000 0.000000 0.066667 0.100000 0.000000 0.000000 0.100000 0.066667 0.083333 0.100000 0.016667 
0.145833 0.145833 0.104167 0.062500 0.062500 0.062500 0.000000 0.000000 0.062500 0.083333 0.000000 0.000000 0.166667 0.104167 0.000000 0.000000 
0.123077 0.123077 0.076923 0.046154 0.061538 0.061538 0.000000 0.000000 0.107692 0.123077 0.107692 0.046154 0.046154 0.000000 0.000000 0.076923 
0.109091 0.072727 0.036364 0.090909 0.054545 0.072727 0.000000 0.054545 0.054545 0.072727 0.000000 0.054545 0.109091 0.036364 0.090909 0.090909 
0.121212 0.000000 0.000000 0.000000 0.242424 0.151515 0.151515 0.121212 0.121212 0.000000 0.000000 0.000000 0.090909 0.000000 0.000000 0.000000 
0.104167 0.104167 0.125000 0.104167 0.000000 0.000000 0.000000 0.062500 0.000000 0.000000 0.000000 0.062500 0.104167 0.104167 0.125000 0.104167 
0.072464 0.086957 0.072464 0.086957 0.000000 0.043478 0.086957 0.057971 0.000000 0.043478 0.086957 0.057971 0.086957 0.086957 0.072464 0.057971 
0.120000 0.000000 0.120000 0.040000 0.020000 0.140000 0.080000 0.000000 0.120000 0.040000 0.140000 0.000000 0.060000 0.000000 0.020000 0.100000 
0.142857 0.028571 0.000000 0.000000 0.000000 0.200000 0.000000 0.000000 0.000000 0.142857 0.142857 0.114286 0.114286 0.114286 0.000000 0.000000 
0.075472 0.000000 0.056604 0.132075 0.075472 0.056604 0.113208 0.075472 0.169811 0.113208 0.000000 0.075472 0.000000 0.000000 0.000000 0.056604 
